italia = {
	location = 4736
	end = yes
	color = {
		255 128 64 
	}
	members = {
		4736 125 4737 2982 124 126 123 2984 1933 122
		1934 2983 4734 2985 121 4733 4732 118 4731 120
		119 2986 4735 127 1247 117 2976 2977 2978 116
		115 2980 101 2992 105 4730 114 106 113 1774
		112 4729 102 
	}
}
valencia = {
	location = 4696
	end = yes
	color = {
		128 0 255 
	}
	members = {
		4696 201 200 2753 197 212 222 221 1750 4547
		2751 2755 4557 211 214 2990 4550 4549 220 2988
		213 2987 4560 333 4559 
	}
}
sevilla = {
	location = 1335
	end = yes
	color = {
		64 191 92 
	}
	members = {
		2461 2462 336 2465 343 2467 2469 4564 342 4563
		334 1751 4561 335 4562 337 2468 368 367 217
		4551 216 228 4556 1851 227 4787 229 4150 4788
		219 2754 1747 1748 225 218 4548 224 1749 226
		4546 223 230 
	}
}
francia = {
	location = 174
	end = yes
	color = {
		0 128 192 
	}
	members = {
		4695 4694 176 173 209 210 2989 4789 1746 4552
		207 1745 206 4554 208 4555 4558 4553 215 231
		232 196 4112 195 4697 180 4389 178 4386 4111
		174 4387 194 175 
	}
}
baveris = {
	location = 104
	inland = yes
	end = yes
	color = {
		0 128 255 
	}
	members = {
		202 204 205 4720 1867 4764 193 4721 165 1869
		1870 4710 4712 1868 65 4707 76 1768 4758 110
		108 109 1862 4728 2981 1875 4727 103 2979 104
		107 1873 166 1871 4740 2991 4722 4739 73 4708
		4760 4709 64 2956 2957 2955 4711 70 74 4765
		189 1880 4713 1872 68 72 4719 75 4714 
	}
}
phoropha = {
	location = 1877
	inland = yes
	end = yes
	color = {
		245 104 63 
	}
	members = {
		198 4391 199 4777 203 192 1877 190 179 191
		4390 187 4392 185 184 4776 177 1879 4388 183
		182 186 4766 94 181 1743 93 188 80 4767
	}
}
dogera_straight = {
	location = 1271
	end = yes
	color = {
		255 255 0 
	}
	members = {
		172 171 170 169 4384 4385 168 167 89 87
		88 4769 90 1865 91 92 1744 2974 1866 95
		98 99 97 4383 96 4770 233 4373 4374 234
		4371 235 238 1860 4130 237 4376 243 4370 236
	}
}
ostla = {
	location = 12
	end = yes
	color = {
		168 9 9 
	}
	members = {
		100 4382 4381 2973 55 1931 1874 4771 54 44
		1857 53 2996 46 47 4745 2994 1858 4746 48
		4749 4786 45 1775 4141 13 15 4149 1984 4142
		14 1983 12 6 4165 1981 1982 4166 4163 16
		26 4145 4144 17 4143 4164 
	}
}
germeni = {
	location = 2975
	inland = yes
	end = yes
	color = {
		128 255 255 
	}
	members = {
		2975 1742 1878 4768 1760 1761 77 4718 71 4715
		67 1757 2967 267 266 4724 4238 2966 2969 49
		4747 2993 51 50 1763 4778 2970 1771 60 4744
		52 2964 4748 1759 4772 1758 56 2971 4775 86
		69 83 85 84 81 78 1876 82 57 2972
		4773 1762 63 4743 62 61 59 58 4742 4741
		2965 4717 79 4774 4716 66 
	}
}
lathia = {
	location = 2963
	inland = yes
	end = yes
	color = {
		89 35 133 
	}
	members = {
		2963 2997 1859 2958 767 1936 4534 270 4536 4537
		254 264 4237 263 2960 2424 4541 2961 2962 278
		279 1940 2959 260 277 1937 4538 257 259 269
		256 1938 4524 4523 4526 4528 1939 4525 4527 262
		255 4533 258 4723 
	}
}
rolobus = {
	location = 2968
	inland = yes
	end = yes
	color = {
		128 0 64 
	}
	members = {
		2968 4725 265 4726 4236 162 1952 158 4128 4532
		156 1954 4173 140 1828 1769 129 131 4756 1767
		4759 128 4751 152 1863 132 4761 133 1770 4762
		134 135 4240 1772 154 153 1318 4125 1953 157
		155 4126 1864 1951 4127 4239 3002 4755 4757 141
		4176 
	}
}
adria = {
	location = 111
	end = yes
	color = {
		0 128 64 
	}
	members = {
		111 4738 130 4752 1826 4753 136 139 137 1831
		138 4754 1773 4699 144 142 4698 4174 4175 4750
		143 4780 3001 4703 2750 150 4704 4531 161 160
		2746 1765 3000 1766 1827 
	}
}
constinti = {
	location = 151
	end = yes
	color = {
		220 16 113 
	}
	members = {
		145 4701 146 147 3003 1853 4702 148 4705 149
		4779 151 2296 317 2297 4309 318 4700 164 2348
		320 319 163 2298 2302 327 332 329 4315 330
		2304 328 1846 2300 2301 324 1848 4308 316 2299
		325 4313 4314 326 4307 323 4311 322 4312 1764
	}
}
crimea = {
	location = 1322
	end = yes
	color = {
		243 215 10 
	}
	members = {
		159 4706 2998 261 4529 268 4530 2405 1756 282
		2406 1974 284 2410 285 2447 2195 1856 462 422
		2196 4303 2204 4301 2197 2416 463 287 2414 286
		2413 281 1943 1944 283 4540 2412 2411 
	}
}
baltic = {
	location = 1926
	end = yes
	color = {
		0 0 255 
	}
	members = {
		22 5 1985 7 3 2 1930 1 4 8
		10 18 4114 4151 1776 4124 32 33 34 274
		1834 1842 36 37 38 1935 39 271 41 40
		42 1841 43 2995 27 4123 35 25 28 29
		31 4152 19 4113 11 9 30 
	}
}
gusirov = {
	location = 1752
	end = yes
	color = {
		0 128 0 
	}
	members = {
		4241 4535 273 1960 4148 311 310 2749 1961 4261
		314 4263 1957 306 1754 307 4252 296 297 4244
		4115 4544 4545 276 4242 292 770 275 771 4246
		293 4245 4251 295 4253 1956 4254 1753 4250 308
		4147 4248 294 4249 1752 4243 1959 4117 4260 272
	}
}
olksiva = {
	location = 302
	end = yes
	color = {
		128 128 128 
	}
	members = {
		1941 4247 4539 1942 280 2407 4542 290 291 2409
		288 1971 303 2419 1081 2423 304 2415 1778 302
		300 4255 301 467 299 298 2408 4543 4116 1945
		289 
	}
}
white_sea = {
	location = 1652
	end = yes
	color = {
		245 81 33 
	}
	members = {
		313 1262 1958 312 4259 4262 4122 4258 1955 4257
		4256 1755 4129 1964 1963 1080 1083 1079 4266 1962
		1077 1072 1780 1073 1777 309 
	}
}
north_sea = {
	location = 4378
	end = yes
	color = {
		84 194 189 
	}
	members = {
		4378 4118 4377 374 4120 373 4121 372 4380 4119
		4379 375 376 4369 240 239 241 4366 242 4372
		1861 4367 245 4368 4785 4375 244 247 246 4361
		248 4363 252 251 250 4110 253 4364 249 4362
		4365 1979 1978 24 23 2752 20 21 315 371
		370 369 
	}
}
cartha_ = {
	location = 341
	end = yes
	color = {
		142 135 174 
	}
	members = {
		341 2455 4566 340 1882 339 338 2459 2458 2454
		2473 2453 353 2954 356 355 2451 2452 354 2449
		4567 2450 2472 2457 350 2456 351 352 
	}
}
alexandria = {
	location = 363
	end = yes
	color = {
		208 203 108 
	}
	members = {
		357 2326 2325 358 362 363 321 2313 378 1855
		1854 364 4316 2315 365 382 4270 4272 393 2337
		4273 4277 2332 4278 2331 385 2330 384 2329 4269
		2328 383 2327 380 379 381 4271 4268 4317 2316
		361 2320 2321 2324 1232 4322 360 4318 4321 359
	}
}
central_sahra = {
	location = 4962
	end = yes
	color = {
		0 255 0 
	}
	members = {
		4965 349 346 2460 4948 4946 4958 4957 4961 4960
		4956 4955 4954 4953 2275 2475 2474 2448 4947 4944
		4943 4942 4949 4959 4962 4963 4964 4952 4951 4966
		4950 2463 2277 2274 2272 2271 1130 
	}
}
casso = {
	location = 1326
	end = yes
	color = {
		251 183 55 
	}
	members = {
		468 2417 464 465 443 439 2349 2214 4341 426
		417 4339 4340 421 4306 2199 2208 2201 2198 425
		419 2205 2202 4299 4305 420 2203 423 438 2362
		1973 455 1970 440 2370 471 2351 2352 441 456
		2361 477 476 2358 2359 2353 472 470 2365 466
		2367 424 437 469 
	}
}
reskisi = {
	location = 2418
	end = yes
	color = {
		165 140 88 
	}
	members = {
		2418 474 2366 2420 1966 4692 2369 2357 479 2354
		473 1965 2421 1082 2422 4264 4267 1972 305 1078
		2427 1074 2428 1071 4265 475 2444 2441 1076 1075
		4690 4689 4686 4687 4688 2433 2434 480 
	}
}
syria = {
	location = 4296
	end = yes
	color = {
		108 219 214 
	}
	members = {
		4297 1849 377 4298 2303 4310 2305 331 4302 2307
		4304 416 2207 2206 4293 4296 2306 418 2308 407
		405 2314 406 409 410 4291 2209 2211 2210 4294
		415 2310 2309 411 4295 4292 
	}
}
bagdad = {
	location = 1335
	end = yes
	color = {
		52 30 89 
	}
	members = {
		4328 401 2342 4287 4286 2341 398 4285 403 399
		400 431 4327 2233 434 575 2232 2220 4345 4330
		2218 413 4342 2217 4331 4329 2223 2219 4332 430
		412 4289 4290 2312 2311 4288 408 2340 394 2338
		4274 392 4275 2339 395 2347 2333 397 404 2999
		396 
	}
}
persia = {
	location = 4336
	end = yes
	color = {
		66 149 90 
	}
	members = {
		4300 4172 2212 4338 2215 428 2216 427 2235 4326
		2236 2350 2221 4325 4324 2224 435 446 445 432
		2234 4171 2222 2213 4337 414 4335 429 433 4334
		4336 436 2230 
	}
}
bashra = {
	location = 2052
	end = yes
	color = {
		122 101 61 
	}
	members = {
		576 2231 504 4504 503 2052 521 4454 515 4455
		2051 4456 4457 4512 505 517 4430 529 2089 530
		4429 2030 531 4427 2029 4421 2032 2033 4431 1946
		2034 4432 2036 4433 516 2054 
	}
}
maran = {
	location = 4502
	end = yes
	color = {
		233 182 27 
	}
	members = {
		2068 2079 2086 4508 512 2066 4502 4501 4464 2087
		528 4461 526 527 4453 2056 4462 518 2093 4480
		2058 2053 2067 514 4506 513 4505 4503 2088 2072
		506 4507 2064 519 4465 525 740 2057 4460 
	}
}
kendreey = {
	location = 4443
	end = yes
	color = {
		219 4 85 
	}
	members = {
		2031 1949 4423 4436 2090 4439 547 4445 2082 546
		4458 2092 548 4434 545 544 4435 541 4426 4422
		4428 569 2035 532 4424 1948 4442 4437 4438 2037
		542 2050 2028 4443 4444 
	}
}
coronmandel = {
	location = 1340
	end = yes
	color = {
		7 245 239 
	}
	members = {
		4413 534 535 537 4410 536 4412 2101 2100 4407
		4409 572 4408 4417 540 2026 2085 538 533 4414
		1947 4416 4415 2027 4420 539 2048 549 2080 2084
		543 4425 4419 4418 2083 2099 4441 4448 4446 1248
		1101 
	}
}
bengilal = {
	location = 1343
	end = yes
	color = {
		128 128 192 
	}
	members = {
		552 2043 2038 561 2039 4474 4475 564 4476 4477
		2049 4450 4471 4479 2081 2046 4478 567 4473 568
		579 2402 4399 1815 573 2091 2041 
	}
}
utter = {
	location = 4488
	end = yes
	color = {
		0 128 64 
	}
	members = {
		4488 4447 4451 553 4470 560 2096 2044 4486 4483
		4485 4472 558 4469 4452 551 550 4459 559 2063
		523 4497 4494 4492 554 2094 4491 2055 4487 4484
		4490 2095 2098 2097 4468 4467 2059 4466 4496 556
		555 4495 4489 2047 4463 4411 510 4493 511 2069
		2061 4499 524 4500 2065 520 522 2062 2060 4498
		557 
	}
}
sakamir = {
	location = 1968
	end = yes
	color = {
		0 64 128 
	}
	members = {
		577 448 447 2229 2226 578 2078 4509 4510 4511
		4513 2075 509 2076 4449 507 2073 2077 452 2227
		2225 449 451 2228 450 444 442 453 4343 454
		4344 1968 1967 2127 4210 739 458 2363 457 460
		1969 2356 2364 2125 
	}
}
xifang = {
	location = 4680
	end = yes
	color = {
		128 64 64 
	}
	members = {
		4685 478 2355 4684 714 4681 4222 459 2126 461
		2368 2360 2118 2120 4207 715 4208 2119 4683 719
		2189 2122 707 708 2191 4676 4677 720 4669 717
		4220 2116 4668 4221 4678 2193 2190 2117 4680 718
		4682 713 4206 
	}
}
koriskov = {
	location = 2442
	end = yes
	color = {
		192 192 192 
	}
	members = {
		2445 1069 4691 2429 1070 2430 1067 1068 1064 1065
		1066 716 1063 2443 2432 1061 2431 2436 2437 1054
		1059 1062 2442 1060 4679 1057 1056 1055 1045 2435
		2446 1058 2102 1052 1051 
	}
}
wangjile = {
	location = 1377
	end = yes
	color = {
		128 128 192 
	}
	members = {
		1850 4656 729 4216 1050 4214 1048 2103 4659 1049
		4215 2105 4217 4655 2186 2106 2742 2743 4232 732
		1845 2694 2745 736 4227 737 1013 4229 734 4231
		733 735 4230 4228 2741 2744 2112 2111 4201 726
		2110 2109 2187 4200 728 2185 727 4662 1053 2104
		4663 731 4660 4654 2107 2188 730 2108 4653 4661
	}
}
huangzou = {
	location = 723
	end = yes
	color = {
		187 148 57 
	}
	members = {
		4672 4675 4202 725 4218 4664 724 4666 4667 721
		4219 4665 4674 722 4673 4203 723 2114 4671 2115
		703 2136 2747 702 4670 709 4223 701 2182 698
	}
}
nepal = {
	location = 711
	end = yes
	color = {
		0 128 128 
	}
	members = {
		2134 2128 4516 4514 676 2071 2070 4515 4693 711
		4522 705 4205 4519 4518 4517 677 2130 706 2123
		2192 2121 712 4209 2124 710 4520 2074 4521 4204
		508 
	}
}
zhongyang = {
	location = 689
	end = yes
	color = {
		128 0 0 
	}
	members = {
		697 2177 693 694 2178 1836 687 2171 4211 2169
		679 2170 2183 2184 699 2181 2180 689 4198 700
		2172 672 4199 2168 4213 4212 680 681 2179 
	}
}
bengij = {
	location = 4233
	end = yes
	color = {
		120 73 96 
	}
	members = {
		2113 4652 704 4194 1816 696 4195 695 2138 2139
		690 691 2140 692 2137 688 2141 4196 2142 2176
	}
}
jingguo_tongo = {
	location = 1372
	end = yes
	color = {
		255 0 0 
	}
	members = {
		1829 2154 2155 738 2153 670 2156 2157 2158 667
		665 2159 2160 666 2162 2161 2164 4819 616 668
		669 2149 2148 684 1822 685 2145 2143 2175 1821
		2151 2146 1838 686 4197 664 674 2163 673 1840
		2173 2174 671 683 1833 682 2152 2147 2144 1824
		2150 
	}
}
nanchi = {
	location = 2377
	end = yes
	color = {
		94 128 30 
	}
	members = {
		613 2372 610 4821 1016 2373 1022 4822 2374 606
		605 2376 2377 4826 2380 4829 2375 608 4823 4824
		607 4825 2379 4830 612 603 604 609 4827 2378
		1823 4828 1844 2384 611 2382 2383 4838 4840 4839
		4836 2386 2385 614 615 4837 4820 663 2371 2381
	}
}
siam = {
	location = 1345
	end = yes
	color = {
		64 45 236 
	}
	members = {
		2391 593 2390 2404 2387 591 592 4831 600 4832
		4833 2388 1817 602 4398 588 4406 2400 4393 580
		2399 4395 4394 4396 586 585 2403 601 4842 4834
		2389 4841 589 2401 590 581 584 4397 2398 574
		4835 
	}
}
yindusho = {
	location = 2167
	end = yes
	color = {
		242 198 21 
	}
	members = {
		587 660 2165 662 661 583 2166 582 4405 2396
		563 2045 4482 562 565 4481 2040 4404 570 4440
		1950 2397 2042 571 675 2748 2167 678 2135 2133
		2131 2132 2395 566 
	}
}
huangdi = {
	location = 1387
	end = yes
	color = {
		128 64 64 
	}
	members = {
		1029 4180 1818 4182 4181 1012 4186 1819 1820 1014
		1017 1825 4184 1019 4183 1018 1830 4185 1020 1021
		4187 1832 4359 1023 1837 1835 1030 4360 1028 4191
		1025 1026 4188 1024 1843 1839 4189 1027 4190 1847
		1852 1031 1033 4658 1034 1032 1035 2440 1038 1037
		1041 1036 2439 1040 1044 1039 1042 2438 1046 1043
		1047 4192 4131 4193 1015 
	}
}
malaya = {
	location = 1361
	end = yes
	color = {
		87 160 14 
	}
	members = {
		594 2394 4812 2392 4814 599 2393 598 597 596
		595 4813 2673 617 2685 619 2682 4817 2680 621
		2681 4818 2683 2684 1999 1998 622 2677 2676 4816
		620 2675 618 2674 4810 4809 4811 2678 2679 4815
		2686 4802 4803 4804 2705 4806 2704 4805 636 637
		2703 2709 2710 638 2712 640 4799 4800 2707 2708
		2706 639 4801 2711 623 
	}
}
philipines = {
	location = 657
	end = yes
	color = {
		0 128 255 
	}
	members = {
		657 4348 658 2698 2697 4349 656 655 4356 4354
		652 653 2701 2702 4355 4351 4352 4353 654 2699
		4350 2700 1235 1996 651 
	}
}
malacca = {
	location = 1357
	end = yes
	color = {
		64 0 128 
	}
	members = {
		1245 630 624 2687 4790 625 4791 2688 2689 4793
		626 2691 628 629 4792 2690 4794 627 2692 631
		2693 632 633 634 635 2696 2695 641 4797 4795
		4798 2715 4845 2714 2713 644 4796 642 2716 2717
		643 645 647 2719 1236 2720 2721 2722 2723 2724
		2725 1238 1237 1992 2718 649 648 650 646 
	}
}
hormuz = {
	location = 1330
	end = yes
	color = {
		141 43 10 
	}
	members = {
		387 4280 388 389 4284 402 4283 2343 2344 4281
		2345 4279 2346 386 2335 4276 2336 390 4282 391
		2767 1215 2773 1212 2793 1209 2790 2789 2786 2788
		1206 2024 2784 2783 2778 2792 1208 2764 2768 2765
		1230 
	}
}
florida = {
	location = 1507
	end = yes
	color = {
		207 160 73 
	}
	members = {
		928 4881 2539 929 2542 932 2543 933 4882 2541
		4880 2537 2538 2540 931 2531 930 925 2533 923
		922 2530 2516 921 893 2665 887 4910 886 4911
		895 2528 919 4883 2532 924 4884 2529 920 2014
		894 2669 4885 
	}
}
carribean = {
	location = 494
	end = yes
	color = {
		113 36 51 
	}
	members = {
		494 2534 927 4626 4625 926 2535 2536 482 483
		2654 486 2655 4623 4622 4624 2656 487 485 484
		489 4619 488 4618 2658 4620 4621 490 2659 492
		1881 493 495 496 497 498 499 500 501 502
		741 4616 4612 831 4609 2808 2807 4611 4610 830
		2806 491 829 828 4601 
	}
}
mexican_sea = {
	location = 1509
	end = yes
	color = {
		38 174 49 
	}
	members = {
		4589 842 2632 2650 4588 2634 843 4591 2652 846
		2651 845 4590 2633 2631 2630 4598 4583 848 2641
		2668 2499 884 888 4627 883 2666 2498 4606 861
		2667 2614 858 857 4642 2642 853 850 2644 4582
		2647 4584 2628 4570 4641 2615 2619 4585 2635 4594
	}
}
west_mexico = {
	location = 1552
	end = yes
	color = {
		223 159 40 
	}
	members = {
		4587 2638 4586 2649 844 847 2629 2646 849 2648
		4581 4571 852 2626 4572 2645 2627 851 2623 4573
		4640 4643 856 860 2618 864 863 881 2494 2495
		875 2491 867 2476 4639 2620 865 866 4635 868
		876 2493 4634 877 4577 2616 862 4649 859 855
		4578 854 4576 2657 4574 2643 4579 2624 2622 2621
		4575 4580 2617 4645 4647 4648 4646 4650 4644 2492
		4633 879 
	}
}
hudson_bay = {
	location = 1500
	end = yes
	color = {
		189 23 28 
	}
	members = {
		2554 950 952 2550 953 957 962 2639 2010 965
		2560 967 2561 968 970 2558 2023 4926 2559 2563
		4871 2564 2562 966 4874 963 969 955 956 2011
		2553 2548 2552 936 4878 937 938 2547 4877 2549
		949 4879 935 2527 2545 2544 2546 481 
	}
}
central_america = {
	location = 907
	inland = yes
	end = yes
	color = {
		99 185 237 
	}
	members = {
		841 2653 2636 2637 4593 2662 840 838 2661 4592
		4597 4595 2664 835 2663 836 839 2640 837 2660
		2819 4599 4596 4604 4605 822 2816 2815 2810 2809
		4613 834 2812 4614 4603 2813 827 824 4607 825
		2814 4608 832 2817 4602 4600 823 2818 826 2501
		4917 2006 2504 2502 2503 2505 2008 2007 4916 907
		4918 909 2510 2511 906 2016 4902 4901 904 905
		2513 4906 917 4905 915 913 912 4899 4898 2517
		908 2512 910 2518 911 4903 914 2519 916 
	}
}
peru = {
	location = 2820
	end = yes
	color = {
		128 128 0 
	}
	members = {
		2820 820 818 815 2945 2823 2944 808 807 806
		809 810 811 814 2826 812 2822 2821 819 816
		2002 817 821 2824 813 2827 2825 2943 
	}
}
amazonia = {
	location = 1543
	end = yes
	color = {
		188 80 80 
	}
	members = {
		2828 805 796 793 2840 2940 2838 2829 2830 2832
		2833 2900 2901 2947 804 802 2831 797 2946 795
		2835 2882 2903 2920 2906 758 2905 2904 2902 803
		801 2834 2941 2942 800 2888 
	}
}
rio_de_plata = {
	location = 1536
	end = yes
	color = {
		211 170 107 
	}
	members = {
		2839 791 2843 2845 2877 2867 2865 2866 779 2860
		778 2851 2848 772 2850 773 2849 2861 2847 2842
		2836 2844 2846 2837 794 2878 790 777 2853 2879
		2852 2857 2884 
	}
}
el_lagel_ = {
	location = 769
	end = yes
	color = {
		0 0 64 
	}
	members = {
		799 2883 2854 2859 2858 2855 2887 769 766 764
		775 776 2881 768 2897 2895 2893 2896 
	}
}
brazil = {
	location = 1531
	end = yes
	color = {
		20 190 58 
	}
	members = {
		763 2894 2892 2907 2919 2891 765 2899 762 761
		760 757 756 2912 2921 755 2928 2926 2924 2886
		752 750 751 753 2922 754 2915 2913 2916 759
		2914 2898 2908 2918 2917 2885 2909 2911 2925 2923
		2910 
	}
}
chile = {
	location = 1540
	end = yes
	color = {
		162 74 140 
	}
	members = {
		2875 2841 792 2862 787 784 2873 783 2874 782
		2869 1095 2025 781 2876 780 2868 786 2863 2872
		785 2870 2871 1988 
	}
}
california = {
	location = 1558
	end = yes
	color = {
		230 203 19 
	}
	members = {
		869 2478 870 4636 2479 2480 872 2477 871 4638
		2021 4637 2490 2020 2489 2019 2483 2482 2481 873
		2488 2487 2003 2018 2603 2604 2605 2607 2606 973
		972 2484 2610 874 2486 2485 974 975 2609 976
		2613 977 2612 978 2611 979 2601 
	}
}
missisipi = {
	location = 890
	inland = yes
	end = yes
	color = {
		120 164 216 
	}
	members = {
		4628 4629 2500 2497 882 4630 878 4632 4631 880
		2496 885 4909 889 890 891 892 896 4886 897
		2515 4908 899 2509 4914 898 2672 2625 2506 1809
		2507 2009 901 2508 4915 903 4900 902 
	}
}
canada = {
	location = 1008
	inland = yes
	end = yes
	color = {
		31 222 65 
	}
	members = {
		2600 2599 2017 2602 2004 2598 2597 2595 1813 2594
		1006 1005 2592 1003 2591 2590 2015 1007 2593 1008
		1009 1010 1011 2005 2596 4920 4919 1004 998 999
		1000 1002 2589 
	}
}
virginia = {
	location = 4923
	end = yes
	color = {
		108 78 55 
	}
	members = {
		4923 918 4904 900 2514 934 4913 941 4888 951
		4889 2551 2556 2557 4876 964 4912 4890 1001 2588
		991 2581 4894 992 4897 2585 2671 989 988 2670
		987 2586 2587 1661 945 2522 944 946 4907 4922
		942 943 4887 2523 2524 939 4921 2520 940 2526
		2525 948 2555 4875 958 960 961 959 4872 954
		947 2521 4892 
	}
}
resia = {
	location = 1471
	end = yes
	color = {
		225 142 51 
	}
	members = {
		345 2470 4569 4568 2464 2466 1127 1128 1129 2247
		4967 4981 4980 4978 4977 1111 4976 4975 366 4565
		4974 347 1110 348 4973 4968 4972 4971 4970 5090
		4983 4982 4979 4969 
	}
}
genui = {
	location = 1468
	end = yes
	color = {
		24 7 175 
	}
	members = {
		1112 1115 2243 2246 2244 2260 1131 1123 2250 2253
		1125 1126 1119 2242 2241 1118 1114 2239 2238 1117
		1121 1124 2248 1120 2240 1116 2237 1113 1122 2249
		2245 1132 2259 2261 1134 2252 2258 1139 1141 2290
		1147 2294 1151 1152 2289 2257 2255 1163 
	}
}
shamal = {
	location = 2278
	inland = yes
	end = yes
	color = {
		223 49 45 
	}
	members = {
		1138 1140 2254 2256 2295 2267 1137 1135 2263 2264
		2262 1133 2268 2265 2266 1136 2291 1144 1146 1145
		1153 1162 1249 2280 2282 1156 2269 2273 2270 1143
		2292 1142 2293 1154 1155 2279 2276 1148 1149 1150
		2278 2281 1161 
	}
}
maleni = {
	location = 1219
	end = yes
	color = {
		147 137 123 
	}
	members = {
		2285 1160 2283 2284 1157 1158 2287 2286 1159 5030
		5032 2288 2932 5035 5036 774 5039 1219 2801 2802
		1216 1217 2763 2762 1223 1214 2769 1224 2770 1221
		2800 1222 2799 4033 1225 1226 2787 2766 2797 2798
		1227 2771 2772 
	}
}
sahra_centri = {
	location = 5003
	inland = yes
	end = yes
	color = {
		243 198 39 
	}
	members = {
		5029 5028 5031 5033 5034 5037 5017 5016 5015 5020
		5019 5018 5045 5042 5043 5044 5024 5038 5026 5012
		5014 5009 5011 5027 5025 5008 5007 5010 5023 5022
		5006 5001 5002 5003 5000 5004 5013 5005 5021 5048
		5047 5046 
	}
}
sahra_topu = {
	location = 5088
	inland = yes
	end = yes
	color = {
		193 27 2 
	}
	members = {
		5049 5050 5051 5076 5075 5074 5087 5085 4985 4984
		5081 5078 5053 5052 5077 5080 5082 5079 5083 5084
		5072 5071 5070 4992 4323 2319 2317 2318 4987 4990
		4991 4997 5073 5088 5086 4995 4986 5089 4988 
	}
}
wassaina = {
	location = 5061
	end = yes
	color = {
		152 108 225 
	}
	members = {
		5040 5059 5041 5054 5055 5057 4998 1220 1229 2323
		2322 4319 4320 1233 1234 1231 4989 4993 5068 5065
		5061 5060 5064 5062 5066 5069 5067 4994 4996 5063
		1228 5058 5056 
	}
}
merina = {
	location = 1490
	end = yes
	color = {
		239 209 1 
	}
	members = {
		2574 2575 997 980 981 2573 1104 1105 2577 996
		2576 2579 995 2580 4895 993 2584 2569 982 2578
		986 2572 985 983 4891 984 2568 2570 2583 994
		990 4924 4893 2565 971 2566 4896 2567 2012 4873
		2013 2582 2571 
	}
}
