trade_company_sahara = {
	color = {
	}
	provinces = {
		4975 4974 4976 4979 4973 4972 1127 2460 4946 4942
		4943 4944 4947 4950 4966 4952 4951 4953 4954 4965
		4963 4955 4956 4961 4957 4962 4964 4959 4949 4960
		4958 4948 4971 4968 4969 4970 5090 4982 4977 1111
		4983 4978 4980 4981 4967 2247 1129 1130 1128 2274
		2275 2475 2277 2474 2448 5078 5077 5080 5082 5083
		5087 4997 4991 4992 5069 5068 5029 5031 5033 5034
		5037 5040 5054 5055 5056 5057 5058 5063 5067 5064
		5062 5060 5061 5059 5041 5024 5038 5065 5066 5072
		5070 5073 5088 5089 5053 5049 5052 5021 5048 5015
		5016 5017 5028 5027 5026 5011 5012 5014 5013 4999
		5000 5004 5020 5047 5019 5046 5050 5051 5076 5079
		5075 5074 5045 5044 5022 5023 5071 5043 5042 5006
		5001 5018 5002 5007 5008 5010 5025 5009 5003 5005
		5081 5084 5085 5086 
	}
}
